A1 = [1 -3; -2 1];
b1 = [-4;3];

x1 = A1\b1

A2 = [-2 1 3; 1 0 2; 3 2 -1];
b2 = [-5;0;11];

x2 = A2\b2

v1 = linspace(-30, 10, 100)
v2 = v1' %'

v3 = v2(19:91)
v2prod = v2(45)*v2(87)
v2sub = v2(10:50)
v2mat = [v2 v2 v2]
v2mat2 = [v2'; v2'; v2']%'
